1530107413577917
1530107413606512
1530107413640074
1530107413673790
1530107413706995
1530107413738804
1530107413771410
1530107413805980
1530107413838070
1530107413872283
1530107413905127
1530107413937758
1530107413971096
1530107414002968
1530107414037703
1530107414070973
1530107414103897
1530107414137165
1530107414170262
1530107414201484
1530107414235469
1530107414269398
1530107414302463
1530107414333780
1530107414366833
1530107414400036
1530107414433091
1530107414466030
1530107414500968
1530107414532130
1530107414565266
1530107414598459
1530107414631394
1530107414664706
1530107414698371
1530107414731385
1530107414764551
1530107414796881
1530107414830007
1530107414863063
1530107414896352
1530107414931689
1530107414964568
1530107414996854
1530107415030244
1530107415063231
1530107415096149
1530107415129110
1530107415162240
1530107415195632
1530107415228709
1530107415261694
1530107415294803
1530107415327841
1530107415361022
1530107415394085
1530107415427093
1530107415460218
1530107415493355
1530107415526443
1530107415558355
1530107415592258
1530107415625840
1530107415657012
1530107415691793
1530107415724222
1530107415756290
1530107415789207
1530107415824140
1530107415856108
1530107415890116
1530107415921569
1530107415956316
1530107415987728
1530107416022436
1530107416055880
1530107416088551
1530107416121781
1530107416155051
1530107416187965
1530107416219402
1530107416254411
1530107416287601
1530107416318931
1530107416353576
1530107416386705
1530107416417847
1530107416452745
1530107416485821
1530107416516904
1530107416550052
1530107416583051
1530107416616162
1530107416649164
1530107416682282
1530107416715385
1530107416750044
1530107416781738
1530107416816284
1530107416847636
1530107416880946
1530107416915665
1530107416948662
1530107416981447
1530107417013048
1530107417048051
1530107417081379
1530107417112395
1530107417145414
1530107417180529
1530107417213408
1530107417246477
1530107417278147
1530107417310860
1530107417345906
1530107417378743
1530107417411690
1530107417444947
1530107417477896
1530107417511363
1530107417544035
1530107417577266
1530107417608523
1530107417641531
1530107417674726
1530107417709323
1530107417742629
1530107417775717
1530107417808642
1530107417841853
1530107417875013
1530107417908498
1530107417941252
1530107417974357
1530107418007310
1530107418040428
1530107418073384
1530107418107090
1530107418139605
1530107418172558
1530107418205751
1530107418237718
1530107418270093
1530107418304955
1530107418336137
1530107418370667
1530107418402411
1530107418435389
1530107418468864
1530107418501648
1530107418534692
1530107418568201
1530107418600879
1530107418633941
1530107418667036
1530107418701890
1530107418735023
1530107418768160
1530107418801346
1530107418834260
1530107418865674
1530107418900442
1530107418931678
1530107418965059
1530107418997775
1530107419066187
1530107419098887
1530107419132069
1530107419163176
1530107419196495
1530107419229283
1530107419264239
1530107419297270
1530107419328525
1530107419361674
1530107419396754
1530107419428236
1530107419462673
1530107419494367
1530107419527030
1530107419560154
1530107419593156
1530107419626267
1530107419661248
1530107419694100
1530107419726519
1530107419758554
1530107419791644
1530107419824784
1530107419859598
1530107419890892
1530107419924795
1530107419957102
1530107419991955
1530107420024218
1530107420057271
1530107420089485
1530107420122463
1530107420156578
1530107420188518
1530107420222635
1530107420254775
1530107420287773
1530107420322689
1530107420354029
1530107420387120
1530107420420153
1530107420453161
1530107420486309
1530107420519464
1530107420552405
1530107420585537
1530107420618640
1530107420651659
1530107420686577
1530107420718032
1530107420750891
1530107420786037
1530107420817904
1530107420850966
1530107420883301
1530107420918082
1530107420950880
1530107420984208
1530107421017379
1530107421048837
1530107421081668
1530107421116713
1530107421149918
1530107421182851
1530107421216369
1530107421248842
1530107421282322
1530107421313611
1530107421348825
1530107421380910
1530107421414605
1530107421447528
1530107421480722
1530107421511757
1530107421546862
1530107421579883
1530107421612743
1530107421644658
1530107421679193
1530107421710247
1530107421745247
1530107421776433
1530107421810063
1530107421844462
1530107421877500
1530107421910454
1530107421943719
1530107421977528
1530107422009733
1530107422042872
1530107422076261
1530107422107268
1530107422142004
1530107422175102
1530107422208228
1530107422241359
1530107422274347
1530107422307546
1530107422338733
1530107422373605
1530107422406692
1530107422439729
1530107422472832
1530107422505857
1530107422538986
1530107422572197
1530107422605084
1530107422638225
1530107422671336
1530107422704373
1530107422737516
1530107422770476
1530107422801868
1530107422836889
1530107422868193
1530107422902662
1530107422935827
1530107422967185
1530107423002069
1530107423033277
1530107423066438
1530107423099928
1530107423132548
1530107423165661
1530107423200167
1530107423231790
1530107423264906
1530107423297897
1530107423331321
1530107423364149
1530107423397160
1530107423430285
1530107423465121
1530107423496406
1530107423529650
1530107423564755
1530107423597661
1530107423628928
1530107423661840
1530107423694906
1530107423728445
1530107423761027
1530107423796100
1530107423827150
1530107423860286
1530107423893430
1530107423927547
1530107423959651
1530107423992542
1530107424027362
1530107424059864
1530107424093621
1530107424126706
1530107424158485
1530107424191624
1530107424224134
1530107424258260
1530107424290293
1530107424323409
1530107424357473
1530107424389653
1530107424424201
1530107424455649
1530107424490639
1530107424523597
1530107424555274
1530107424589843
1530107424621018
1530107424655571
1530107424687297
1530107424720352
1530107424754279
1530107424786454
1530107424821029
1530107424852684
1530107424885676
1530107424920844
1530107424953464
1530107424986742
1530107425019835
1530107425051270
1530107425086107
1530107425118051
1530107425150382
1530107425183427
1530107425216765
1530107425250793
1530107425284452
1530107425317575
1530107425349299
1530107425383696
1530107425416713
1530107425448102
1530107425481870
1530107425514159
1530107425547273
1530107425581031
1530107425613427
1530107425646525
1530107425681336
1530107425712645
1530107425745773
1530107425778842
1530107425846677
1530107425879854
1530107425911167
1530107425944714
1530107425977290
1530107426012217
1530107426043581
1530107426110448
1530107426142642
1530107426177662
1530107426210549
1530107426243719
1530107426276686
1530107426342970
1530107426409342
1530107426475248
1530107426508340
1530107426541469
1530107426574501
1530107426607585
1530107426640694
1530107426674145
1530107426706897
1530107426738151
1530107426771273
1530107426805613
1530107426839123
1530107426872280
1530107426905481
1530107426938319
1530107426969750
1530107427004464
1530107427037568
1530107427070909
1530107427103713
1530107427136840
1530107427170112
1530107427202976
1530107427236070
1530107427269128
1530107427302238
1530107427335649
1530107427368383
1530107427401459
1530107427434623
1530107427467624
1530107427498909
1530107427531986
1530107427565113
1530107427598244
1530107427632954
1530107427666070
1530107427699202
1530107427732227
1530107427765429
1530107427798365
1530107427831465
1530107427864605
1530107427897628
1530107427930719
1530107427963875
1530107427997190
1530107428030521
1530107428063030
1530107428096130
1530107428127522
1530107428162226
1530107428195387
1530107428228486
1530107428261540
1530107428294733
1530107428327642
1530107428360835
1530107428393898
1530107428426903
1530107428458662
1530107428491415
1530107428526164
1530107428559292
1530107428592274
1530107428625429
1530107428656682
1530107428689681
1530107428722916
1530107428790718
1530107428823864
1530107428857000
1530107428888503
1530107428921387
1530107428956145
1530107428989294
1530107429020533
1530107429053740
1530107429086672
1530107429121641
1530107429154785
1530107429187722
1530107429220693
1530107429253876
1530107429286933
1530107429319970
1530107429353096
1530107429386167
1530107429419288
1530107429452347
1530107429485357
1530107429518452
1530107429551616
1530107429584627
1530107429615920
1530107429650843
1530107429683907
1530107429716947
1530107429749968
1530107429783097
1530107429815035
1530107429849296
1530107429882390
1530107429913784
1530107429948599
1530107429981622
1530107430012788
1530107430047746
1530107430080868
1530107430112133
1530107430147002
1530107430180286
1530107430211282
1530107430246276
1530107430279197
1530107430312426
1530107430344730
1530107430376675
1530107430409795
1530107430444759
1530107430477727
1530107430510882
1530107430544079
1530107430576977
1530107430610084
1530107430643076
1530107430676429
1530107430709411
1530107430742351
1530107430775490
1530107430808625
1530107430841601
1530107430874713
1530107430907700
1530107430940852
1530107430974143
1530107431006124
1530107431038606
1530107431073111
1530107431106207
1530107431137537
1530107431171437
1530107431205313
1530107431238518
1530107431269820
1530107431302929
1530107431337235
1530107431370779
1530107431402160
1530107431436835
1530107431470079
1530107431503255
1530107431535991
1530107431569543
1530107431602240
1530107431635256
1530107431668972
1530107431701518
1530107431734636
1530107431768153
1530107431799785
1530107431834037
1530107431867132
1530107431933363
1530107431966283
1530107431998269
1530107432032585
1530107432065380
1530107432096885
1530107432130013
1530107432164584
1530107432230834
1530107432295838
1530107432330051
1530107432363367
1530107432396391
1530107432428415
1530107432462390
1530107432493791
1530107432529132
1530107432561648
1530107432594737
1530107432627889
1530107432660871
1530107432693927
1530107432727138
1530107432759948
1530107432793368
1530107432826382
1530107432859297
1530107432892542
1530107432925482
1530107432958744
1530107432991905
1530107433024642
1530107433056036
1530107433091030
1530107433124080
1530107433157117
1530107433190050
1530107433223289
1530107433256369
1530107433287638
1530107433322526
1530107433355545
1530107433386846
1530107433421586
1530107433453174
1530107433488285
1530107433519178
1530107433553995
1530107433586934
1530107433620251
1530107433651429
1530107433686178
1530107433717745
1530107433752690
1530107433783816
1530107433816941
1530107433851778
1530107433884780
1530107433916246
1530107433949260
1530107433984110
1530107434015973
1530107434050253
1530107434083289
1530107434115270
1530107434149488
1530107434180955
1530107434215668
1530107434248675
1530107434281792
1530107434314996
1530107434347929
1530107434381026
1530107434413105
1530107434447895
1530107434480844
1530107434513461
1530107434546651
1530107434579533
1530107434613102
1530107434645713
1530107434678718
1530107434709968
1530107434744744
1530107434776292
1530107434810849
1530107434843935
1530107434877462
1530107434908836
1530107434941558
1530107434976155
1530107435009466
1530107435042419
1530107435073816
1530107435106913
1530107435141712
1530107435174730
1530107435207936
1530107435240833
1530107435274184
1530107435307224
1530107435339681
1530107435373212
1530107435404895
1530107435437701
1530107435472822
1530107435504679
1530107435536959
1530107435571662
1530107435603102
1530107435669440
1530107435702407
1530107435737703
1530107435770247
1530107435803347
1530107435836291
1530107435869478
1530107435902584
1530107435935583
1530107435968417
1530107436002067
1530107436034926
1530107436067933
1530107436099409
1530107436134139
1530107436167054
1530107436200376
1530107436233223
1530107436265397
1530107436299404
1530107436332723
1530107436363924
1530107436398173
1530107436431834
1530107436498075
1530107436531371
1530107436564119
1530107436597241
1530107436630155
1530107436662124
1530107436695186
1530107436727882
1530107436762542
1530107436795745
1530107436828734
1530107436861882
1530107436895042
1530107436927945
1530107436961209
1530107436994227
1530107437027197
1530107437059514
1530107437093337
1530107437124959
1530107437157901
1530107437192598
1530107437225618
1530107437258762
1530107437291631
1530107437323171
1530107437356182
1530107437390845
1530107437424272
1530107437455421
1530107437490586
1530107437523284
1530107437556993
1530107437587791
1530107437622592
1530107437655721
1530107437687211
1530107437720066
1530107437753174
1530107437786298
1530107437819330
1530107437852534
1530107437885614
1530107437918683
1530107437951729
1530107437986407
1530107438019572
1530107438052731
1530107438085846
1530107438151464
1530107438217576
1530107438284232
1530107438317674
1530107438350260
1530107438383508
1530107438416447
1530107438449379
1530107438482661
1530107438515760
1530107438548641
1530107438581877
1530107438614960
1530107438647877
1530107438681211
1530107438714287
1530107438747436
1530107438778639
1530107438811687
1530107438846788
1530107438879199
1530107438911058
1530107438944176
1530107438977065
1530107439010165
1530107439045080
1530107439078060
1530107439110726
1530107439142417
1530107439176969
1530107439210617
1530107439241651
1530107439274838
1530107439308117
1530107439340909
1530107439376185
1530107439407038
1530107439441987
1530107439473302
1530107439507645
1530107439539444
1530107439572423
1530107439605531
1530107439638826
1530107439673518
1530107439706630
1530107439738511
1530107439772624
1530107439805877
1530107439837197
1530107439870203
1530107439905212
1530107439936378
1530107440004405
1530107440037477
1530107440070752
1530107440103563
1530107440136794
1530107440169724
1530107440202814
1530107440236070
1530107440268999
1530107440335159
1530107440401238
1530107440434377
1530107440465692
1530107440500808
1530107440533417
1530107440566610
1530107440599721
1530107440632836
1530107440665924
1530107440698981
1530107440731912
1530107440765426
1530107440798123
1530107440831219
1530107440864145
1530107440897309
1530107440930584
1530107440963609
1530107440996626
1530107441029691
1530107441062852
1530107441095844
1530107441128854
1530107441162079
1530107441195307
1530107441228043
1530107441261229
1530107441294356
1530107441327306
1530107441360597
1530107441393593
1530107441426730
1530107441459781
1530107441492770
1530107441525713
1530107441558931
1530107441592062
1530107441623369
1530107441658280
1530107441691306
1530107441722612
1530107441757535
1530107441790542
1530107441822654
1530107441856607
1530107441889822
1530107441921421
1530107441956339
1530107441989245
1530107442020334
1530107442054958
1530107442086823
1530107442121403
1530107442154206
1530107442185680
1530107442220413
1530107442253431
1530107442286771
1530107442318431
1530107442351734
1530107442384938
1530107442417698
1530107442450315
1530107442483449
1530107442517809
1530107442550233
1530107442584422
1530107442617396
1530107442650988
1530107442683633
1530107442716556
1530107442749876
1530107442782876
1530107442816066
1530107442849164
1530107442882121
1530107442915087
1530107442948153
1530107442981196
1530107443014499
1530107443047290
1530107443080897
1530107443112015
1530107443146721
1530107443179775
1530107443212860
1530107443245880
1530107443279005
1530107443311942
1530107443345241
1530107443378291
1530107443411220
1530107443444483
1530107443477476
1530107443510697
1530107443543758
1530107443608053
1530107443676044
1530107443709143
1530107443742111
1530107443774791
1530107443808369
1530107443841190
1530107443872725
1530107443907588
1530107443939018
1530107443973810
1530107444039729
1530107444106150
1530107444139074
1530107444172305
1530107444204833
1530107444236567
1530107444271227
1530107444302771
1530107444337655
1530107444403562
1530107444469969
1530107444535870
1530107444602045
1530107444668397
1530107444734521
1530107444800762
1530107444866843
1530107444898143
1530107444932814
1530107444966168
1530107444999114
1530107445032226
1530107445065606
1530107445097585
1530107445131474
1530107445164308
1530107445197449
1530107445229024
1530107445261913
1530107445296704
1530107445328472
1530107445362749
1530107445395904
1530107445428356
1530107445462043
1530107445494588
1530107445526562
1530107445559683
1530107445594102
1530107445625838
1530107445660745
1530107445693528
1530107445726847
1530107445758169
1530107445792761
1530107445825957
1530107445859205
1530107445892212
1530107445925479
1530107445958322
1530107445991518
1530107446024618
1530107446090582
1530107446123898
1530107446156923
1530107446190257
1530107446223031
1530107446256136
1530107446289283
1530107446322221
1530107446355345
1530107446388361
1530107446421470
1530107446454535
1530107446487441
1530107446520725
1530107446553863
1530107446586665
1530107446618904
1530107446651870
1530107446686078
1530107446717474
1530107446752309
1530107446785343
1530107446818721
1530107446851634
1530107446884867
1530107446917780
1530107446951114
1530107446984069
1530107447016939
1530107447048307
1530107447081452
1530107447116117
1530107447149246
1530107447182378
1530107447215365
1530107447248498
1530107447281505
1530107447314715
1530107447347772
1530107447380764
1530107447413875
1530107447447114
1530107447479981
1530107447513110
1530107447544392
1530107447579373
1530107447612343
1530107447645344
1530107447678529
1530107447711606
1530107447744696
1530107447777757
1530107447810748
1530107447843903
1530107447875992
1530107447910017
1530107447941414
1530107447976246
1530107448007535
1530107448042360
1530107448075524
1530107448106802
1530107448141627
1530107448173322
1530107448205927
1530107448240902
1530107448272096
1530107448305226
1530107448340138
1530107448371312
1530107448404418
1530107448437590
1530107448470706
1530107448503674
1530107448536681
1530107448569834
1530107448602923
1530107448635917
1530107448669062
1530107448702507
1530107448735162
1530107448768336
1530107448801291
1530107448834416
1530107448867568
1530107448900558
1530107448933674
1530107448966708
1530107448999798
1530107449032938
1530107449065938
1530107449099087
1530107449132179
1530107449165196
1530107449200156
1530107449231389
1530107449264553
1530107449297949
1530107449332377
1530107449365567
1530107449396795
1530107449430040
1530107449464938
1530107449496009
1530107449530957
1530107449562644
1530107449595223
1530107449630174
1530107449661732
1530107449694437
1530107449727579
1530107449761501
1530107449795498
1530107449826867
1530107449859829
1530107449894474
1530107449927897
1530107449959044
1530107449992244
1530107450025188
1530107450060093
1530107450091422
1530107450124658
1530107450159239
1530107450190680
1530107450224390
1530107450258758
1530107450291739
1530107450322945
1530107450356048
1530107450389057
1530107450422171
1530107450457069
1530107450488447
1530107450523437
1530107450556339
1530107450588087
1530107450622506
1530107450654295
1530107450686978
1530107450719941
1530107450752946
1530107450786068
1530107450819170
1530107450853855
1530107450885348
1530107450918343
1530107450953373
1530107450985103
1530107451019361
1530107451052498
1530107451085482
1530107451118500
1530107451150415
1530107451184813
1530107451218078
1530107451251750
1530107451316453
1530107451350270
1530107451383009
1530107451416437
1530107451449691
1530107451482830
1530107451513959
1530107451548490
1530107451580093
1530107451614656
1530107451646252
1530107451679261
1530107451713808
1530107451745696
1530107451778432
1530107451812943
1530107451844561
1530107451879513
1530107451912534
1530107451943987
1530107451976834
1530107452009952
1530107452043055
1530107452076053
1530107452110549
1530107452142298
1530107452177147
1530107452210240
1530107452241593
1530107452274549
1530107452309456
1530107452342567
1530107452375629
1530107452406941
1530107452439957
1530107452473093
1530107452508187
1530107452541010
1530107452574138
1530107452607240
1530107452640249
1530107452673387
1530107452706339
1530107452739453
1530107452772666
1530107452805606
1530107452838732
1530107452871907
1530107452904847
1530107452938063
1530107452971283
1530107453004231
1530107453035435
1530107453068468
1530107453101569
1530107453134668
1530107453169936
1530107453202811
1530107453235740
1530107453268894
1530107453301863
1530107453335038
1530107453368102
1530107453401014
1530107453434126
1530107453467258
1530107453500246
1530107453533565
1530107453564701
1530107453599541
1530107453630863
1530107453663876
1530107453698808
1530107453731938
1530107453764975
1530107453798159
1530107453829431
1530107453864162
1530107453895547
1530107453930281
1530107453963090
1530107453996517
1530107454029464
1530107454061695
1530107454093981
1530107454128752
1530107454160215
1530107454194848
1530107454226387
1530107454260523
1530107454292396
1530107454325560
1530107454358626
1530107454393434
1530107454426532
1530107454459784
1530107454492952
1530107454524005
1530107454558866
1530107454591935
1530107454625068
1530107454656337
1530107454689381
1530107454724313
1530107454755558
1530107454790234
1530107454823204
1530107454855311
1530107454889651
1530107454954735
1530107455022194
1530107455054932
1530107455087240
1530107455119449
1530107455154128
1530107455187459
1530107455219285
1530107455253523
1530107455286346
1530107455318284
1530107455352476
1530107455385731
1530107455418826
1530107455452012
1530107455483216
1530107455516321
1530107455549320
1530107455582566
1530107455617288
1530107455650371
1530107455682122
1530107455714838
1530107455748820
1530107455781843
1530107455815830
1530107455848910
1530107455881886
1530107455915015
1530107455946365
1530107455980743
1530107456013838
1530107456047368
1530107456078824
1530107456111911
1530107456146553
1530107456179409
1530107456211726
1530107456245301
1530107456277137
1530107456310933
1530107456344831
1530107456377973
1530107456411266
1530107456444114
1530107456477241
1530107456510393
1530107456543549
1530107456576643
1530107456609536
1530107456642602
1530107456675914
1530107456707894
1530107456740369
1530107456774091
1530107456808468
1530107456841546
1530107456874141
1530107456907541
1530107456940269
1530107456973511
1530107457006838
1530107457039656
1530107457072518
1530107457105842
1530107457138885
1530107457171807
1530107457205118
1530107457236480
1530107457271121
1530107457302546
1530107457337399
1530107457368772
1530107457403508
1530107457434985
1530107457468962
1530107457502790
1530107457535720
1530107457568809
1530107457601894
1530107457634648
1530107457668172
1530107457699604
1530107457734347
1530107457765673
1530107457798721
1530107457833564
1530107457866698
1530107457899780
1530107457932551
1530107457965791
1530107457998990
1530107458031776
1530107458065120
1530107458098119
1530107458131198
1530107458164232
1530107458195654
1530107458230300
1530107458263457
1530107458297077
1530107458329529
1530107458362658
1530107458395877
1530107458428914
1530107458461841
1530107458493341
1530107458528183
1530107458561405
1530107458594691
1530107458627603
1530107458660860
1530107458693691
1530107458726789
1530107458759955
1530107458792916
1530107458825891
1530107458859101
1530107458892120
1530107458925090
1530107458958369
1530107458991370
1530107459024372
1530107459057539
1530107459090516
1530107459123621
1530107459157091
1530107459222795
1530107459288948
1530107459355155
1530107459421518
1530107459452639
1530107459485770
1530107459518823
1530107459553662
1530107459586817
1530107459618059
1530107459651519
1530107459686263
1530107459717195
1530107459783334
1530107459817669
1530107459849634
1530107459882572
1530107459917494
1530107459948827
1530107459982339
1530107460016756
1530107460049235
1530107460081067
1530107460115075
1530107460149019
1530107460182467
1530107460213606
1530107460246466
1530107460281034
1530107460314394
1530107460347599
1530107460379115
1530107460411891
1530107460445538
1530107460479857
1530107460511054
1530107460544232
1530107460577338
1530107460610325
1530107460643437
1530107460677752
1530107460709621
1530107460742695
1530107460777341
1530107460810590
1530107460842085
1530107460875035
1530107460908048
1530107460942665
1530107460974730
1530107461007317
1530107461041935
1530107461074587
1530107461106572
1530107461139634
1530107461172698
1530107461205795
1530107461238826
1530107461271939
1530107461305040
1530107461338970
1530107461371218
1530107461404302
1530107461437430
1530107461472163
1530107461505128
1530107461571338
1530107461637705
1530107461703778
1530107461769912
1530107461836024
1530107461902264
1530107461935254
1530107462001238
1530107462067585
1530107462133767
1530107462198182
1530107462266166
1530107462298949
1530107462365226
1530107462431367
1530107462497559
1530107462562057
1530107462596855
1530107462628160
1530107462661361
1530107462694534
1530107462727330
1530107462761127
1530107462793561
1530107462826571
1530107462861379
1530107462894426
1530107462925822
1530107462960679
1530107462991950
1530107463026869
1530107463060071
1530107463091890
1530107463124318
1530107463159132
1530107463192243
1530107463225312
1530107463258462
1530107463291497
1530107463324431
1530107463357707
1530107463390887
1530107463422045
1530107463456740
1530107463489127
1530107463523048
1530107463556377
1530107463589084
1530107463620448
1530107463655603
1530107463686581
1530107463721423
1530107463754608
1530107463787652
1530107463819034
1530107463853843
1530107463886677
1530107463918183
1530107463951184
1530107463984335
1530107464017429
1530107464050516
1530107464083729
1530107464118595
1530107464151586
1530107464184674
1530107464217714
1530107464248966
1530107464283891
1530107464316722
1530107464349712
1530107464383246
1530107464415152
1530107464447451
1530107464482078
1530107464514464
1530107464548409
1530107464579712
1530107464614106
1530107464645945
1530107464680774
1530107464713894
1530107464745333
1530107464780003
1530107464811323
1530107464845106
1530107464877866
1530107464910576
1530107464944884
1530107464976746
1530107465011641
1530107465044038
1530107465075950
1530107465108953
1530107465143885
1530107465175745
1530107465210081
1530107465243126
1530107465276266
1530107465309326
1530107465342381
1530107465375471
1530107465407831
1530107465441638
1530107465474710
1530107465507734
1530107465572220
1530107465606982
1530107465640093
1530107465671370
1530107465704813
1530107465737457
1530107465770617
1530107465805561
1530107465838582
1530107465871701
1530107465905333
1530107465937748
1530107465971002
1530107466002077
1530107466035188
1530107466068821
1530107466101341
1530107466134442
1530107466167452
1530107466201529
1530107466233722
1530107466266742
1530107466299836
1530107466332970
1530107466367364
1530107466399059
1530107466432082
1530107466465199
1530107466498316
1530107466531321
1530107466566315
1530107466598352
1530107466630595
1530107466665513
1530107466698104
1530107466730072
1530107466764964
1530107466797254
1530107466829065
1530107466864022
1530107466897032
1530107466928404
1530107466963314
1530107466996308
1530107467028229
1530107467062406
1530107467094404
1530107467126936
1530107467160025
1530107467193120
1530107467228049
1530107467261030
1530107467292217
1530107467325325
1530107467360271
1530107467393552
1530107467425174
1530107467457705
1530107467490851
1530107467525718
1530107467558818
1530107467589961
1530107467623001
1530107467689088
1530107467722204
1530107467755414
1530107467790144
1530107467823260
1530107467856298
1530107467887604
1530107467955578
1530107468019938
1530107468054671
1530107468087565
1530107468119072
1530107468152223
1530107468185315
1530107468218315
1530107468251438
1530107468284567
1530107468317906
1530107468350707
1530107468383867
1530107468416827
1530107468449952
1530107468482952
1530107468516062
1530107468549205
1530107468582401
1530107468617125
1530107468648440
1530107468681444
1530107468714566
1530107468747567
1530107468814176
1530107468848777
1530107468881767
1530107468914384
1530107468948033
1530107468979220
1530107469014061
1530107469045308
1530107469080206
1530107469111536
1530107469178034
1530107469243935
1530107469276945
1530107469311783
1530107469376721
1530107469409213
1530107469442433
1530107469475341
1530107469508954
1530107469541465
1530107469574616
1530107469607715
1530107469640722
1530107469673846
1530107469708963
1530107469742183
1530107469774968
1530107469806195
1530107469839299
1530107469874440
1530107469905332
1530107469938456
1530107469973623
1530107470006431
1530107470039540
1530107470072569
1530107470105682
1530107470139074
1530107470171784
1530107470203084
1530107470238014
1530107470270731
1530107470304177
1530107470337147
1530107470370425
1530107470403690
1530107470436394
1530107470469190
1530107470500872
1530107470534663
1530107470567131
1530107470634780
1530107470700989
1530107470767341
1530107470831609
1530107470866871
1530107470899615
1530107470930855
1530107470964017
1530107470998772
1530107471032013
1530107471064983
1530107471131013
1530107471164015
1530107471229111
1530107471263380
1530107471296501
1530107471329490
1530107471362628
1530107471395771
1530107471428790
1530107471461912
1530107471494910
1530107471528666
1530107471561141
1530107471594482
1530107471627337
1530107471660396
1530107471693738
1530107471726519
1530107471759495
1530107471792642
1530107471825770
1530107471858739
1530107471891936
1530107471925008
1530107471956394
1530107472022325
1530107472057132
1530107472090384
1530107472121961
1530107472154743
1530107472189099
1530107472220890
1530107472253946
1530107472287935
1530107472321868
1530107472355022
1530107472387775
1530107472419313
1530107472454217
1530107472487412
1530107472519225
1530107472553523
1530107472586203
1530107472618092
1530107472652739
1530107472683969
1530107472717863
1530107472750271
1530107472783246
1530107472817650
1530107472849320
1530107472884227
1530107472915726
1530107472948579
1530107472981705
1530107473016508
1530107473048171
1530107473082740
1530107473115784
1530107473147773
1530107473180090
1530107473213226
1530107473247523
1530107473279792
1530107473312459
1530107473346417
1530107473380440
1530107473413536
1530107473446520
1530107473478382
1530107473510943
1530107473543961
1530107473578180
1530107473610238
1530107473643197
1530107473677413
1530107473709330
1530107473742458
1530107473777220
1530107473810422
1530107473843504
1530107473874836
1530107473908250
1530107473942004
1530107473974461
1530107474007088
1530107474040210
1530107474073225
1530107474107860
1530107474141269
1530107474174241
1530107474207197
1530107474239684
1530107474272919
1530107474304839
1530107474337820
1530107474372063
1530107474404421
1530107474438869
1530107474470212
1530107474503333
1530107474536348
1530107474569460
1530107474602473
1530107474635580
1530107474670534
1530107474703530
1530107474736671
1530107474769804
1530107474803320
1530107474835957
1530107474868956
1530107474902134
1530107474935183
1530107474968168
1530107474999534
1530107475032581
1530107475066290
1530107475098803
1530107475133579
1530107475166907
1530107475199845
1530107475232822
1530107475265915
1530107475299029
1530107475332219
1530107475363355
1530107475398136
1530107475431239
1530107475464533
1530107475497426
1530107475530520
1530107475563669
1530107475596812
1530107475629803
1530107475662765
1530107475695895
1530107475729031
1530107475762026
1530107475795149
1530107475828265
1530107475861266
1530107475894392
1530107475927380
1530107475960517
1530107475993639
1530107476027125
1530107476059772
1530107476091175
1530107476124176
1530107476159047
1530107476190237
1530107476225175
1530107476258295
1530107476291298
1530107476324417
1530107476357509
1530107476388703
1530107476422123
1530107476456035
1530107476489274
1530107476521377
1530107476554306
1530107476587265
1530107476620351
1530107476686453
1530107476719962
1530107476754895
1530107476787527
1530107476820722
1530107476853676
1530107476886768
1530107476919763
1530107476953141
1530107476986004
1530107477019062
1530107477052142
1530107477085280
1530107477118316
1530107477151444
1530107477182661
1530107477217497
1530107477248960
1530107477281952
1530107477315644
1530107477348937
1530107477382978
1530107477416082
1530107477449129
1530107477482181
1530107477513569
1530107477548240
1530107477579621
1530107477614417
1530107477647542
1530107477680678
1530107477713675
1530107477746821
1530107477780085
1530107477812975
1530107477844201
1530107477877214
1530107477910675
1530107477943459
1530107477976469
1530107478009670
1530107478042700
1530107478075724
1530107478110406
1530107478141871
1530107478174953
1530107478209271
1530107478241541
1530107478274215
1530107478310137
1530107478340405
1530107478373523
1530107478408502
1530107478439590
1530107478474688
1530107478505714
1530107478540701
1530107478572025
1530107478604952
1530107478638078
1530107478673085
1530107478739152
1530107478805262
1530107478838300
1530107478871399
1530107478904535
1530107478937661
1530107478970967
1530107479003777
1530107479036805
1530107479069935
1530107479103078
1530107479136036
1530107479169195
1530107479202307
1530107479235311
1530107479267868
1530107479299582
1530107479334409
1530107479365843
1530107479398947
1530107479432840
1530107479466789
1530107479499871
1530107479531203
1530107479564214
1530107479597911
1530107479632270
1530107479663494
1530107479696591
1530107479731544
1530107479762705
1530107479795817
1530107479829789
1530107479863784
1530107479895073
1530107479928080
1530107479961235
1530107479994323
1530107480028206
1530107480062342
1530107480093463
1530107480128432
1530107480161526
1530107480194317
1530107480225990
1530107480260797
1530107480293831
1530107480325072
1530107480359921
1530107480393113
1530107480424668
1530107480457365
1530107480492448
1530107480523599
1530107480556604
1530107480589715
1530107480657235
1530107480688962
1530107480757223
1530107480821192
1530107480856067
1530107480888241
1530107480922246
1530107480953623
1530107480987993
1530107481019783
1530107481052850
1530107481085821
1530107481120759
1530107481152384
1530107481185113
1530107481218296
1530107481251267
1530107481286635
1530107481318160
1530107481350458
1530107481385495
1530107481417955
1530107481451637
1530107481484634
1530107481517658
1530107481551368
1530107481582156
1530107481617287
1530107481650398
1530107481683288
1530107481716279
1530107481747512
1530107481781024
1530107481813608
1530107481848577
1530107481880900
1530107481914643
1530107481945947
1530107481980723
1530107482012081
1530107482045084
1530107482080260
1530107482113268
1530107482146282
1530107482179526
1530107482212589
1530107482245696
1530107482278621
1530107482311659
1530107482344760
1530107482377828
1530107482410867
1530107482443885
1530107482477037
1530107482510190
1530107482543175
1530107482576272
1530107482609245
1530107482642424
1530107482673601
1530107482706707
1530107482739844
1530107482772835
1530107482805950
1530107482839086
1530107482872092
1530107482905219
1530107482938226
1530107482971355
1530107483006316
1530107483037528
1530107483070883
1530107483105521
1530107483138542
1530107483171671
1530107483204714
1530107483237783
1530107483270900
1530107483303882
1530107483337040
1530107483368485
1530107483401318
1530107483436183
1530107483468131
1530107483502383
1530107483535510
1530107483568579
1530107483601657
1530107483635000
1530107483667800
1530107483700909
1530107483733913
1530107483767050
1530107483800136
1530107483833176
1530107483866287
1530107483899527
1530107483932396
1530107483965533
1530107483998512
1530107484031681
1530107484064787
1530107484097783
1530107484130880
1530107484162218
1530107484195310
1530107484230132
1530107484263167
1530107484296283
1530107484329512
1530107484362380
1530107484395534
1530107484428837
1530107484461653
1530107484494760
1530107484527903
1530107484560934
1530107484594530
1530107484627032
1530107484660188
1530107484691738
1530107484724460
1530107484757682
1530107484790729
1530107484824438
1530107484858655
1530107484891641
1530107484924757
1530107484957877
1530107484990884
1530107485024029
1530107485057148
1530107485090158
1530107485121451
1530107485154474
1530107485187588
1530107485220791
1530107485253960
1530107485286903
1530107485320101
1530107485352998
1530107485386162
1530107485420901
1530107485454093
1530107485487135
1530107485519023
1530107485553569
1530107485586491
1530107485619364
1530107485653220
1530107485685493
1530107485718635
1530107485751973
1530107485784759
1530107485817927
1530107485851274
1530107485884011
1530107485917285
1530107485950206
1530107485983255
1530107486016380
1530107486049437
1530107486082506
1530107486115648
1530107486148696
1530107486181823
1530107486214784
1530107486247940
1530107486281064
1530107486314041
1530107486347152
1530107486380258
1530107486413258
1530107486446550
1530107486479506
1530107486512522
1530107486545646
1530107486578655
1530107486611920
1530107486644902
1530107486677915
1530107486711016
1530107486744140
1530107486777168
1530107486810295
1530107486841463
1530107486876486
1530107486909240
1530107486942523
1530107486973861
1530107487006997
1530107487040023
1530107487075196
1530107487106229
1530107487141139
1530107487207066
1530107487238657
1530107487273449
1530107487304609
1530107487337740
1530107487370808
1530107487403922
1530107487437597
1530107487471839
1530107487503231
1530107487536367
1530107487571214
1530107487604224
1530107487637195
1530107487670377
1530107487701598
1530107487736463
1530107487769522
1530107487802646
1530107487835795
1530107487868788
1530107487901844
1530107487933216
1530107487966228
1530107488001120
1530107488032351
1530107488065566
1530107488100870
1530107488133526
1530107488166417
1530107488199626
1530107488230880
1530107488265023
1530107488297018
1530107488330302
1530107488364421
1530107488398138
1530107488431092
1530107488462456
1530107488497379
1530107488528591
1530107488563484
1530107488594719
1530107488627788
1530107488662671
1530107488695851
1530107488729111
1530107488762060
1530107488793202
1530107488828185
1530107488861337
1530107488894571
1530107488925562
1530107488960873
1530107488991877
1530107489027077
1530107489058751
1530107489090941
1530107489124225
1530107489157061
1530107489190240
1530107489225068
1530107489257669
1530107489289531
1530107489324132
1530107489357293
1530107489388597
1530107489423339
1530107489454814
1530107489487844
1530107489520839
1530107489553976
1530107489587068
1530107489621922
1530107489655054
1530107489687493
1530107489721130
1530107489754185
1530107489785539
1530107489818591
1530107489853422
1530107489884724
1530107489918406
1530107489952639
1530107489985780
1530107490018907
1530107490051363
1530107490083221
1530107490116225
1530107490151405
1530107490182478
1530107490216397
1530107490250661
1530107490282381
1530107490314704
1530107490348771
1530107490382648
1530107490414048
1530107490448087
1530107490481131
1530107490514271
1530107490548158
1530107490581199
1530107490614273
1530107490647268
1530107490680420
1530107490711715
1530107490746749
1530107490778225
1530107490810985
1530107490844049
1530107490877131
1530107490911700
1530107490944600
1530107490976357
1530107491011236
1530107491044283
1530107491077393
1530107491109103
1530107491143561
1530107491176666
1530107491209331
1530107491240963
1530107491274075
1530107491307088
1530107491342088
1530107491373243
1530107491407997
1530107491439455
1530107491472472
1530107491507395
1530107491538702
1530107491572013
1530107491606643
1530107491638536
1530107491672782
1530107491705892
1530107491737781
1530107491772042
1530107491803471
1530107491838120
1530107491870687
1530107491904284
1530107491937420
1530107491970518
1530107492001834
1530107492036675
1530107492068470
1530107492102757
1530107492135899
1530107492168287
1530107492200220
1530107492235664
1530107492267446
1530107492299471
1530107492332471
1530107492367226
1530107492398725
1530107492433518
1530107492465268
1530107492499829
1530107492532779
1530107492565921
1530107492599037
1530107492632105
1530107492664330
1530107492696345
1530107492731374
1530107492762720
1530107492797573
1530107492828745
1530107492861866
1530107492894830
1530107492927965
1530107492960964
1530107492994102
1530107493027216
1530107493060222
1530107493094188
1530107493128363
1530107493159463
1530107493192674
1530107493225702
1530107493260531
1530107493293712
1530107493326633
1530107493359784
1530107493392935
1530107493425877
1530107493459133
1530107493492002
1530107493525152
1530107493558295
1530107493591302
1530107493624384
1530107493657525
1530107493690513
1530107493723732
1530107493754874
1530107493789768
1530107493821095
1530107493854766
1530107493889122
1530107493920343
1530107493953381
1530107493986551
1530107494019490
1530107494054320
1530107494087547
1530107494118707
1530107494151901
1530107494185121
1530107494219777
1530107494252946
1530107494284781
1530107494318984
1530107494350368
1530107494384507
1530107494418368
1530107494450613
1530107494484206
1530107494516727
1530107494548867
1530107494583678
1530107494616840
1530107494649935
1530107494681102
1530107494714566
1530107494747294
1530107494780344
1530107494814314
1530107494848616
1530107494881856
1530107494914433
1530107494947584
1530107494980573
1530107495044965
1530107495111379
1530107495144450
1530107495178188
1530107495210353
1530107495243512
1530107495277902
1530107495309619
1530107495344403
1530107495375728
1530107495408860
1530107495476744
1530107495509740
1530107495541270
1530107495574300
1530107495609130
1530107495641170
1530107495673589
1530107495708257
1530107495772711
1530107495807542
1530107495872065
1530107495938599
1530107495972942
1530107496037647
1530107496072207
1530107496105489
1530107496171572
1530107496204711
1530107496235777
1530107496269013
1530107496303849
1530107496336845
1530107496370003
1530107496403224
1530107496436162
1530107496469273
1530107496502587
1530107496535331
1530107496567290
1530107496601481
1530107496632739
1530107496665853
1530107496700555
1530107496733879
1530107496764990
1530107496798114
1530107496831687
1530107496866055
1530107496897366
1530107496931368
1530107496963582
1530107496996629
1530107497031120
1530107497064594
1530107497097674
1530107497130331
1530107497161973
1530107497196940
1530107497229996
1530107497261474
1530107497296047
1530107497329160
1530107497360534
1530107497393487
1530107497426649
1530107497461084
1530107497492857
1530107497527669
1530107497560652
1530107497593764
1530107497626890
1530107497659920
1530107497692966
1530107497724346
1530107497757387
1530107497823612
1530107497856636
1530107497889736
1530107497924470
1530107497957659
1530107497990616
1530107498023761
1530107498056941
1530107498089862
1530107498123028
1530107498154934
1530107498188350
1530107498221068
1530107498253613
1530107498286594
1530107498320850
1530107498352867
1530107498385840
1530107498418963
1530107498452176
1530107498485088
1530107498519832
1530107498551867
1530107498586155
1530107498619289
1530107498651590
1530107498685379
1530107498718256
1530107498750782
1530107498784488
1530107498815852
1530107498848989
1530107498882087
1530107498916685
1530107498949837
1530107498983146
1530107499016220
1530107499049075
1530107499082344
1530107499115448
1530107499148553
1530107499180936
1530107499214537
1530107499247576
1530107499278971
1530107499312135
1530107499347000
1530107499379276
1530107499413871
1530107499446693
1530107499478380
1530107499512276
1530107499543887
1530107499577997
1530107499609714
1530107499642884
1530107499677337
1530107499710808
1530107499742099
1530107499775098
1530107499808226
1530107499841356
1530107499874359
1530107499907476
1530107499941271
1530107499973615
1530107500006733
1530107500039861
1530107500072885
1530107500107584
1530107500138982
1530107500172099
1530107500205431
1530107500238229
1530107500272978
1530107500305216
1530107500337476
1530107500370644
1530107500404788
1530107500436738
1530107500471608
1530107500535981
1530107500570878
1530107500603740
1530107500668229
1530107500735470
1530107500769084
1530107500802267
1530107500835543
1530107500867804
1530107500902035
1530107500934685
1530107500965990
1530107501000769
1530107501033955
1530107501066887
1530107501098431
1530107501132975
1530107501166088
1530107501197908
1530107501230648
1530107501263751
1530107501297642
1530107501329851
1530107501364580
1530107501397790
1530107501430805
1530107501463762
1530107501496841
1530107501530195
1530107501563149
1530107501596297
1530107501629320
1530107501662412
1530107501696118
1530107501728439
1530107501761561
1530107501794784
1530107501827647
1530107501860955
1530107501894099
1530107501926940
1530107501958520
1530107502026196
1530107502092450
1530107502158070
1530107502224797
1530107502257258
1530107502290769
1530107502322226
1530107502355241
1530107502388428
1530107502423272
1530107502454476
1530107502488166
1530107502522427
1530107502555314
1530107502587920
1530107502619850
1530107502654646
1530107502687950
1530107502720954
1530107502753891
1530107502787191
1530107502820001
1530107502853252
1530107502886140
1530107502919256
1530107502952516
1530107502985516
1530107503019302
1530107503051915
1530107503084906
1530107503117778
1530107503150907
1530107503183835
1530107503217175
1530107503250227
1530107503281519
1530107503316260
1530107503349207
1530107503380852
1530107503415559
1530107503448488
1530107503481803
1530107503514804
1530107503581002
1530107503647233
1530107503713316
1530107503779556
1530107503845907
1530107503912002
1530107503976166
1530107504042278
1530107504110290
1530107504143553
1530107504176421
1530107504209393
1530107504241188
1530107504273929
1530107504306869
1530107504341268
1530107504373147
1530107504406114
1530107504439230
1530107504473867
1530107504505361
1530107504538486
1530107504573286
1530107504605408
1530107504639419
1530107504670752
1530107504703873
1530107504736984
1530107504769997
1530107504803127
1530107504837736
1530107504869243
1530107504904139
1530107504968479
1530107505001610
1530107505035533
1530107505068140
1530107505101827
1530107505135555
1530107505166996
1530107505201038
1530107505234768
1530107505300372
1530107505332368
1530107505367091
1530107505400394
1530107505433746
1530107505499558
1530107505564057
1530107505597843
1530107505630005
1530107505663143
1530107505696229
1530107505730890
1530107505762363
1530107505795497
1530107505830190
1530107505863260
1530107505927738
1530107505961182
1530107505994060
1530107506026999
1530107506061717
1530107506094577
1530107506126623
1530107506160904
1530107506192889
1530107506227292
1530107506258525
1530107506292071
1530107506324978
1530107506357798
1530107506392550
1530107506424558
1530107506458735
1530107506492024
1530107506524350
1530107506556249
1530107506590961
1530107506622361
1530107506655589
1530107506688477
1530107506721613
1530107506755569
1530107506787760
1530107506820853
1530107506854451
1530107506887013
1530107506920108
1530107506954797
1530107506987872
1530107507021060
1530107507054149
1530107507087313
1530107507120207
1530107507153401
1530107507186539
1530107507219497
1530107507252501
1530107507284952
1530107507317015
1530107507350153
1530107507384152
1530107507418094
1530107507449408
1530107507482554
1530107507515482
1530107507550257
1530107507581602
1530107507615063
1530107507647880
1530107507680855
1530107507715561
1530107507748806
1530107507780148
1530107507813244
1530107507846247
1530107507879357
1530107507914275
1530107507947096
1530107507980272
1530107508013747
1530107508044764
1530107508078645
1530107508110884
1530107508144030
1530107508178909
1530107508210132
1530107508243277
1530107508276404
1530107508309359
1530107508342499
1530107508377311
1530107508408607
1530107508443354
1530107508474751
1530107508507855
1530107508541098
1530107508574001
1530107508607719
1530107508640247
1530107508674421
1530107508706381
1530107508739470
1530107508774074
1530107508807209
1530107508838712
1530107508873529
1530107508906394
1530107508938389
1530107508972814
1530107509004488
1530107509037108
1530107509071910
1530107509103280
1530107509136375
1530107509171193
1530107509202478
1530107509237566
1530107509270245
1530107509303334
1530107509335264
1530107509367878
1530107509400980
1530107509435887
1530107509469140
1530107509502883
1530107509535307
1530107509568399
1530107509601770
1530107509634614
1530107509667892
1530107509700918
1530107509733535
1530107509765347
1530107509797937
1530107509832592
1530107509866039
1530107509899136
1530107509932313
1530107509965444
1530107509996417
1530107510029632
1530107510062769
1530107510097254
1530107510130411
1530107510161946
1530107510196745
1530107510229623
1530107510262744
1530107510295763
1530107510328993
1530107510362012
1530107510426427
1530107510494484
1530107510527320
1530107510560458
1530107510591883
1530107510626593
1530107510659898
1530107510692849
1530107510725980
1530107510758949
1530107510792140
1530107510824187
1530107510856432
1530107510891162
1530107510924314
1530107510955662
1530107510988760
1530107511022312
1530107511056522
1530107511089270
1530107511121532
1530107511155200
1530107511189089
1530107511221953
1530107511253396
1530107511286541
1530107511321124
1530107511352695
1530107511387527
1530107511420641
1530107511452260
1530107511485064
1530107511520015
1530107511552080
1530107511585749
1530107511618925
1530107511652047
1530107511684826
1530107511718406
1530107511751516
1530107511784652
1530107511815745
1530107511850683
1530107511882110
1530107511914992
1530107511949949
1530107511981130
1530107512014201
1530107512047254
1530107512080447
1530107512113362
1530107512146534
1530107512179620
1530107512214436
1530107512247566
1530107512278768
1530107512313986
1530107512346867
1530107512379785
1530107512412955
1530107512446047
1530107512479599
1530107512512182
1530107512545169
1530107512578410
1530107512611406
1530107512644407
1530107512677531
1530107512710733
1530107512743587
1530107512776779
1530107512809851
1530107512843204
1530107512875364
1530107512909208
1530107512940498
1530107512975414
1530107513008336
1530107513039733
1530107513072624
1530107513105757
1530107513141143
1530107513173749
1530107513206842
1530107513238559
1530107513271127
1530107513304238
1530107513338243
1530107513370377
1530107513403501
1530107513436518
1530107513471431
1530107513502749
1530107513535834
1530107513570675
1530107513603676
1530107513635005
1530107513668225
1530107513701112
1530107513734349
1530107513767403
1530107513800397
1530107513833511
1530107513866536
1530107513899691
1530107513932816
1530107513967677
1530107514001043
1530107514034345
1530107514065139
1530107514100098
1530107514133106
1530107514164355
1530107514199385
1530107514232356
1530107514263621
1530107514296731
1530107514329660
1530107514364568
1530107514395865
1530107514428863
1530107514462055
1530107514494997
1530107514528213
1530107514561360
1530107514594332
1530107514627461
1530107514660594
1530107514693624
1530107514726732
1530107514759649
1530107514792738
1530107514825875
1530107514858902
1530107514892036
1530107514925164
1530107514958212
1530107514991236
1530107515024313
1530107515057475
1530107515090605
1530107515123502
1530107515156733
1530107515189876
1530107515222737
1530107515255872
1530107515288870
1530107515322035
1530107515355135
1530107515389998
1530107515422335
1530107515454365
1530107515487377
1530107515520506
1530107515553601
1530107515586634
1530107515621220
1530107515652737
1530107515685857
1530107515720444
1530107515753789
1530107515785108
1530107515820379
1530107515851586
1530107515886168
1530107515919138
1530107515951314
1530107515983634
1530107516018455
1530107516051137
1530107516084439
1530107516115943
1530107516149011
1530107516183986
1530107516216937
1530107516250054
1530107516283044
1530107516316227
1530107516349376
1530107516381208
1530107516415514
1530107516448752
1530107516479846
1530107516512996
1530107516545862
1530107516578983
1530107516614928
1530107516646881
1530107516678248
1530107516711262
1530107516746282
1530107516778076
1530107516812312
1530107516845415
1530107516878092
1530107516909742
1530107516944683
1530107516975855
1530107517008980
1530107517043022
1530107517076935
1530107517108961
1530107517141764
1530107517175195
1530107517209269
1530107517240506
1530107517273638
1530107517306760
1530107517341476
1530107517374428
1530107517407855
1530107517439010
1530107517473654
1530107517505108
1530107517540142
1530107517573171
1530107517606137
1530107517639382
1530107517672494
1530107517705430
1530107517738650
1530107517771547
1530107517804677
1530107517838018
1530107517870790
1530107517903910
1530107517937149
1530107517970039
1530107518003161
1530107518036135
1530107518069331
1530107518102537
1530107518135413
1530107518166765
1530107518201727
1530107518232925
1530107518265995
1530107518300835
1530107518332111
1530107518365350
1530107518398391
1530107518431388
1530107518466338
1530107518499260
1530107518532448
1530107518564368
1530107518596768
1530107518631088
1530107518662863
1530107518696002
1530107518729122
1530107518762132
1530107518796996
1530107518830061
1530107518861374
1530107518894489
1530107518928026
1530107518962452
1530107518995565
1530107519026756
1530107519061940
1530107519094701
1530107519127825
1530107519160792
1530107519192175
1530107519227079
1530107519260232
1530107519292266
1530107519325421
1530107519359328
1530107519392418
1530107519424784
1530107519456807
1530107519491689
1530107519524542
1530107519555995
1530107519589436
1530107519624073
1530107519657071
1530107519690188
1530107519723165
1530107519756298
1530107519789401
1530107519822416
1530107519855706
1530107519888727
1530107519921754
1530107519954877
1530107519987890
1530107520020959
1530107520054052
1530107520087057
1530107520120894
1530107520153347
1530107520184553
1530107520217699
1530107520252855
1530107520286761
1530107520319488
1530107520352287
1530107520383104
1530107520418151
1530107520450959
1530107520482358
1530107520517044
1530107520550258
1530107520583320
1530107520616307
1530107520647632
1530107520680747
1530107520713749
1530107520746882
1530107520779880
1530107520813001
1530107520846119
1530107520879128
1530107520912238
1530107520946055
1530107520980168
1530107521013333
1530107521045093
1530107521079448
1530107521110767
1530107521145536
1530107521176943
1530107521210116
1530107521244824
1530107521277939
1530107521310959
1530107521344198
1530107521377192
1530107521410184
1530107521443330
1530107521476455
1530107521509397
1530107521542556
1530107521575559
1530107521608686
1530107521640021
1530107521674571
1530107521706152
1530107521772269
1530107521807186
1530107521840378
1530107521871501
1530107521906512
1530107521939500
1530107521972601
1530107522006136
1530107522038978
1530107522071897
1530107522104818
1530107522138184
1530107522171062
1530107522204076
1530107522237226
1530107522270307
1530107522303321
1530107522336516
1530107522369666
1530107522402624
1530107522435685
1530107522468689
1530107522501812
1530107522534931
1530107522567941
1530107522601051
1530107522634186
1530107522667468
1530107522700332
1530107522766288
1530107522832593
1530107522898823
1530107522963244
1530107522997998
1530107523064254
1530107523095490
1530107523161652
1530107523195353
1530107523229601
1530107523262588
1530107523295917
1530107523328848
1530107523361838
1530107523394970
1530107523426376
1530107523461616
1530107523492516
1530107523527767
1530107523561157
1530107523591650
1530107523626783
1530107523658205
1530107523690932
1530107523724017
1530107523757083
1530107523792069
1530107523823222
1530107523856277
1530107523891195
1530107523922764
1530107523955690
1530107523988631
1530107524022014
1530107524054660
1530107524089610
1530107524121734
1530107524155732
1530107524188839
1530107524221966
1530107524253156
1530107524287554
1530107524320764
1530107524353763
1530107524385655
1530107524420340
1530107524451631
1530107524484872
1530107524517951
1530107524552649
1530107524585692
1530107524617248
1530107524650128
1530107524684932
1530107524717548
1530107524751200
1530107524782380
1530107524815575
1530107524850295
1530107524881633
1530107524916540
1530107524949616
1530107524980891
1530107525014030
1530107525048926
1530107525081359
1530107525114961
1530107525148061
1530107525181190
1530107525214241
